HINT: row index is actual value, column index is predicted value
--------------------------------------------------------------
 [0, 1]
0[0.9183673469387755, 0.08163265306122448]
1[0.02040816326530612, 0.9795918367346939]

--------------------------------------------------------------
Classification rate for each digit:
The class 0: 0.9183673469387755
The class 1: 0.9795918367346939
--------------------------------------------------------------
The top 10 words with the highest likelihood for class 0:
know: 0.02565301232980775
like: 0.02565301232980775
just: 0.025594577221994975
don: 0.0255361421141822
yeah: 0.0255361421141822
think: 0.0255361421141822
um: 0.02524396657511833
right: 0.025185531467305556
oh: 0.025127096359492784
really: 0.025010226143867234

The top 10 words with the highest likelihood for class 1:
know: 0.025769882545433297
don: 0.025769882545433297
like: 0.025769882545433297
think: 0.025769882545433297
just: 0.025769882545433297
um: 0.025769882545433297
people: 0.02571144743762052
yeah: 0.02571144743762052
oh: 0.025594577221994975
really: 0.0255361421141822
--------------------------------------------------------------

The top 10 words with the highest odds ratio for class 0:
attracted: 4.1588830833596715
compatibility: 4.127134385045092
relationship: 4.04305126783455
relationships: 3.8781214537524646
friendship: 3.871201010907891
attraction: 3.871201010907891
marriage: 3.817712325956905
communication: 3.817712325956905
dating: 3.791736839553644
qualities: 3.7376696182833684

The top 10 words with the highest odds ratio for class 1:
wage: 4.343805421853683
wages: 4.23410650459726
inflation: 4.127134385045092
waitresses: 4.007333185232471
minimum: 4.007333185232471
waitress: 3.970291913552122
welfare: 3.9318256327243257
salary: 3.817712325956905
retail: 3.6888794541139367
increase: 3.6635616461296463
