HINT: row index is actual value, column index is predicted value
--------------------------------------------------------------
 [0, 1]
0[0.9387755102040817, 0.061224489795918366]
1[0.10204081632653061, 0.8979591836734694]

--------------------------------------------------------------
Classification rate for each digit:
The class 0: 0.9387755102040817
The class 1: 0.8979591836734694
--------------------------------------------------------------
The top 10 words with the highest likelihood for class 0:
know: 0.13377102067582744
yeah: 0.11139921758990555
uh: 0.07453247604905515
like: 0.0727686613852729
um: 0.05647221991904543
right: 0.047479780201557284
just: 0.04416320562008638
think: 0.0434471270172688
oh: 0.03987427167268424
don: 0.0390602033663232

The top 10 words with the highest likelihood for class 1:
know: 0.12749822769944646
yeah: 0.11236027468868377
like: 0.07148636939756103
uh: 0.05424313815351345
um: 0.04850732908935975
right: 0.04573609549656639
don: 0.04289325380060008
think: 0.04223445925140889
just: 0.04080945799826708
oh: 0.03666334882455299
--------------------------------------------------------------

The top 10 words with the highest odds ratio for class 0:
relationship: 5.2813284282252635
compatibility: 4.778677721142862
communication: 4.751770268222938
marriage: 4.712367720356909
partner: 4.680455593974829
relationships: 4.558479680058409
friendship: 4.551099572760786
attracted: 4.539926272162661
dating: 4.4821067012738345
compatible: 4.407998729120113

The top 10 words with the highest odds ratio for class 1:
wage: 5.020949925368518
minimum: 5.019970013482169
welfare: 4.865034712194493
wages: 4.732026468941044
inflation: 4.513058289037315
waitresses: 4.355429344833731
tax: 4.343159252241917
waitress: 4.23916953871787
salary: 4.182816602166738
increase: 4.0758444826145706
