HINT: row index is actual value, column index is predicted value
--------------------------------------------------------------
 [0, 1]
0[0.9183673469387755, 0.08163265306122448]
1[0.02040816326530612, 0.9795918367346939]

--------------------------------------------------------------
Classification rate for each digit:
The class 0: 0.9183673469387755
The class 1: 0.9795918367346939
--------------------------------------------------------------
The top 10 words with the highest likelihood for class 0:
know: 0.17513491904857087
like: 0.17513491904857087
just: 0.1747351589046572
yeah: 0.17433539876074355
don: 0.17433539876074355
think: 0.17433539876074355
um: 0.1723365980411753
right: 0.17193683789726166
oh: 0.171537077753348
really: 0.1707375574655207

The top 10 words with the highest likelihood for class 1:
know: 0.17593443933639816
like: 0.17593443933639816
don: 0.17593443933639816
um: 0.17593443933639816
think: 0.17593443933639816
just: 0.17593443933639816
people: 0.17553467919248453
yeah: 0.17553467919248453
oh: 0.1747351589046572
really: 0.17433539876074355
--------------------------------------------------------------

The top 10 words with the highest odds ratio for class 0:
attracted: 6.447305862541213
compatibility: 6.415096959171596
attraction: 6.154858094016418
friendship: 6.154858094016418
opposites: 5.673323267171492
partnership: 5.638354669333745
marrying: 5.5254529391317835
emotional: 5.484796933490655
lifelong: 5.442417710521793
romantic: 5.442417710521793

The top 10 words with the highest odds ratio for class 1:
inflation: 6.415096959171596
waitresses: 6.293419278846481
waitress: 6.255750041753367
retail: 5.968707559985366
assistance: 5.771441123130016
hourly: 5.707110264748875
walmart: 5.638354669333745
salaries: 5.5254529391317835
min: 5.484796933490655
customers: 5.3981627015177525
