HINT: row index is actual value, column index is predicted value
--------------------------------------------------------------
 [0, 1]
0[0.9387755102040817, 0.061224489795918366]
1[0.08163265306122448, 0.9183673469387755]

--------------------------------------------------------------
Classification rate for each digit:
The class 0: 0.9387755102040817
The class 1: 0.9183673469387755
--------------------------------------------------------------
The top 10 words with the highest likelihood for class 0:
know: 0.13376423677327443
yeah: 0.11139243368735255
uh: 0.07452569214650215
like: 0.0727618774827199
um: 0.056465436016492426
right: 0.047472996299004276
just: 0.044156421717533374
think: 0.04344034311471579
oh: 0.03986748777013124
don: 0.039053419463770195

The top 10 words with the highest likelihood for class 1:
know: 0.1274917829701609
yeah: 0.1123538299593982
like: 0.07147992466827546
uh: 0.05423669342422789
um: 0.04850088436007419
right: 0.045729650767280826
don: 0.042886809071314515
think: 0.042228014522123325
just: 0.040803013268981524
oh: 0.03665690409526742
--------------------------------------------------------------

The top 10 words with the highest odds ratio for class 0:
compatibility: 7.073266325502681
friendship: 6.84363432990133
attracted: 6.832347528366701
attraction: 6.589429726198191
opposites: 6.18468794542717
lifelong: 6.1627572419332
chemistry: 6.117397992534269
catholic: 6.093922736112903
partnership: 5.912076125896387
marrying: 5.853408277807584

The top 10 words with the highest odds ratio for class 1:
inflation: 6.806224160114869
waitresses: 6.646978151684891
waitress: 6.529349234854427
retail: 6.3305261149755765
walmart: 6.260444906722393
assistance: 6.260444906722393
hourly: 6.014818187673226
salaries: 5.750828472946542
babysitting: 5.655820362318354
corporations: 5.622033364740971
